-1939957225
-1737451675
2126335514
-787371538
734690961
-783372790
-2061393286
1863545642
-363633159
1046935150
-1190371886
1826569300
1440763581
1546503520
-76780869
-1089033594
1672528807
1764811583
-1201307579
384701679
-1874653708
-1511420264
-1773947039
-690377578
-41086010
1276831796
-1455504300
2095657555
-1764204599
1592450071
-34854896
307016922
367562509
-1371681700
-582431136
-971204614
-473054042
624025714
-109065726
-24462737
1365462554
-439173746
827269531
-1269586999
1008049627
2133784562
-236209693
289486698
-2051149813
-1036221316
777439692
571300374
-192129131
1467391159
-1025182135
287783330
1886761444
1779870267
-1285310786
961922091
-382096259
1911462128
1155969462
-849404061
262003679
1869119163
1916793032
-758626660
-1186519174
-1597427924
-1684424770
248894891
1789472804
-293096475
-454870758
718825826
-362398349
-815421832
-1986216037
238696166
-1357585218
-1040371307
901283456
1492865078
488378990
1331161152
-501139392
-2108412196
1791308038
1233359809
1459793608
440928637
561444991
1871240617
2064952148
-1052049160
-1126209574
1394989278
1739817819
-2077619997
1669274932
149159952
1445863789
-54846316
-145003308
-1531450653
-715349977
75407879
671885488
-771746970
429810432
362240065
-726296240
925425279
-1621389894
305266368
-375299155
-1446934230
129697296
-1884235205
1767257168
1433982143
767076628
-430008752
1778556392
-179361528
-262614868
1305417761
-1323134013
-520140712
1335362087
1991525027
-1736129775
1694671943
880439705
-1081710369
464323606
150863401
-1623517084
1995274200
473549193
-428764030
-832050084
708368930
149142182
-1639528199
-489242935
-1818499290
-2086302026
1491418956
-1368380797
-938787785
-2124620509
1890209519
2120553002
291151410
1333418404
1844327086
-398955538
-1225217363
-147313786
1192362779
40808404
-973717513
-1777904282
-1077862668
888284203
902202901
-372249006
-1182017566
887025653
34269447
2026379689
1262380371
-248437444
26876203
-997360451
1937853759
-1288971568
2094620434
564532832
-2002627538
-444782365
-2120424539
929235887
-1055431419
-4752493
391793890
316662748
-603220779
-402861292
816400980
308214114
-1465531420
1036852040
141570791
762317642
-244736324
-1905493538
-2141569035
2091649740
277562608
-352911638
429869780
-985713495
1240840314
-1746362866
127985171
1497136103
1258192295
1664160673
1992751405
-425069217
-418192724
-2006356459
1954251515
1724830410
-1499196506
1911119513
1622829880
904072494
1123565554
-787116290
-1236822672
616200799
-1459632512
-878518941
1617037525
-166266365
826489604
1417047809
261530826
-699288069
2040683838
814039084
166423574
-236801024
-639438877
1401866580
-1860886122
385769471
-502583147
-370630930
-1977714640
-1484794185
-502025636
1816475583
-1333147740
-1974982653
1348541447
-473351196
-799536678
-1689901240
-1284309974
1541819263
1977076246
1917583658
1411201070
1796408938
2008003843
960346056
-912977657
-1311328684
-1593908445
-734885181
1546484759
-723159082
-923588005
-814825440
2119807444
1717391779
69495782
-1458690422
-1737502895
-1033756979
547078281
-728945952
716480503
529192698
343854574
-260056735
-356937479
-111027146
862327199
1271223125
-2053922491
-1217406433
-1309868809
1429442937
523455731
1220370039
591763606
261378778
1846326083
-447811929
-1578253551
504479435
-737924863
1896990791
-1255243813
968573645
-347744477
1186939365
1103099800
497207307
1024679612
792525042
2123113676
-1786259772
1284260765
1366198649
486783990
-557158527
816850663
-1973994400
-403012617
609609575
-1827537460
858919264
-969672122
940275749
1101974929
276239768
1603888065
-1167767437
-1909588494
2011989102
-402314869
248535451
496740637
-904496485
-497392702
-1329133656
-450161577
-432831455
1331887821
-1776699813
2101171753
-1573646372
-144645927
175639174
-261853674
1175457670
430643554
1851423646
2117146934
785504735
-2121020041
2061868777
1903263946
-1103978908
917018198
-449806444
-1792077826
-1059541659
-752091134
179454962
1463552223
587095427
974881250
1444558811
-1553523809
82592146
-1163565962
1691969232
509724137
884792143
-1013081780
1367260604
-1724474070
-255293253
-1885550415
-296286017
-1809891033
432956327
-130452844
-937645052
1547113019
149086429
-173870250
-104466521
1643652051
-675073384
242064707
698716368
-354618564
1640095722
1349706091
301444952
-1739171285
-1799385160
1637749669
-656241120
1981581907
933638663
701305203
-1034482192
462830192
432926403
87657833
2108456270
-805128673
888625663
-1189939198
1259264459
150212682
-1439640849
-1746080709
-1090903432
-1426933789
-838637027
-943538541
-562221443
-629798732
-1920176518
-1116958436
596625687
-49512062
1500161586
-2136064690
-722707727
1887085693
210518547
-1175929233
711332242
-940976481
-1384934244
-784586721
-487490286
-1135199413
1384888876
2032155870
236725490
-18075537
1945045844
1715570296
1931410392
-1561377040
408903078
671754876
-1664979570
604975838
172332880
845984464
1789787494
-49319758
1950562571
307724975
-2047879303
-1247519269
848744232
-878861734
-1691618430
598116993
-1807182599
1124411244
237460031
1634257231
-543842616
755404170
-2051092510
-1594869298
26561710
-519694703
-1611191415
-767777998
-1044949289
-343087044
-1813062642
-1724610498
-667176839
1979524154
1226075925
-320082266
-1390541930
1713906400
-527023528
-1871812132
97284039
-1100636853
311004603
-442532507
-1287678160
-1639314825
639800541
328224105
2125927069
-1595212610
126104259
357440961
1188943219
1059869978
1951966231
1004495693
2027958182
-421357873
-164025536
-42793774
1568800798
548792028
-381019799
-1679703925
2055947173
1962941966
-595063074
1243881148
121930874
2079396275
1989301651
130892215
2122964821
508387815
-2013736678
672386036
1980818221
-1969870452
-497576622
-1131225100
752067951
-1631942267
1689036539
1091397876
-744083595
-413178619
-818523
-1628212682
80125833
1287256857
1274219173
127965829
-1740780245
958347975
-269742476
1110154201
-309508034
-589989331
-810770979
-1078076190
844137636
149077136
-1140691216
230926273
-1717153109
-671803086
-1407875043
234792313
1296612890
1333426125
136873610
-1867383226
-1537666984
128702562
1157109750
1451100397
1253638169
-834104973
1014209352
358499218
-1243192475
-27260887
-1757522380
1201873566
-1547461527
2120666704
-1473425282
-192585681
569363321
2123458222
-1721189766
1275413823
2014185661
1097678108
840879719
1888740325
-599213225
621586256
-123748780
581035518
-540261652
1966894915
1660661952
-1737098532
-488437611
618422544
-484880308
939290863
1051748792
1837648051
-1463819668
630455225
1708625166
-1511915009
-1292298764
-735678449
-307771399
1779603906
272210706
-1155178781
-544500062
-1061227683
800152317
-1549509745
-1116256909
474736866
279332318
-1556518639
1974048007
-1761475055
1402251618
-729466683
-82780271
-115127910
1288954865
-1347254032
-1946187406
-1657529017
170126820
-1396225899
-1768561197
799831136
661006707
-1897724299
-76343737
-1181849049
-649492845
-2012409521
-1241937181
1317202744
89691533
-1243684103
-1733197716
-201203140
-607079873
-304491729
2015946700
-1402659431
-2093500704
2147216004
582463855
734315086
-1809616302
455377419
-679732360
1032548753
636681142
-113604226
-1975944932
1999393611
-1761237196
-1105616455
-996309539
1022897023
-1823916789
212999542
-122805151
958389338
1587176835
-624388100
1832879327
526089034
72235079
-1676863716
777478867
-1593992482
-2040559487
46596264
2048711032
-412553176
-1190862059
786338659
1785587976
-643499094
-1311669627
1925652294
-128279918
-922218699
-1281075240
1603107804
-709378013
-32342458
-1746144018
-727100014
-556171031
1341915420
1618416648
380770240
-270107708
-622577752
1430557484
464636546
-1977604808
671694579
1792344367
-786185102
172034361
1969346685
916378928
-1666316375
374712747
1086855271
911417200
-2053634533
1281319636
-838302476
325696596
2138453427
-168695907
210379566
-2045907668
-1153943010
-943141793
-1209690562
1717152779
722889686
774374974
-960932951
711062380
-675766163
1481095587
557565191
-831663718
-974332
1617517596
1143120539
-2095985622
-1095871107
1526693848
1767847710
-783901780
501180565
-2016500467
-1559821944
656350418
1908246569
804586729
-885912245
791085072
-1718276032
-1571160481
-1205888272
1558647725
1664170188
735102761
621416954
-132446348
-466690052
-19475623
-2012017284
-89641743
-2141985080
637010310
1335455632
-1374506072
1437864081
709555857
1639754325
1441298637
-1364527725
2052969712
2058489397
-1645515890
-916327688
1480301978
272109383
-1518298866
227289552
-1737959728
-249360051
860282389
-2040255933
477939572
-1657006910
780113829
1518552186
2037093882
-1327322448
-1654481487
153660842
-313140296
-923284479
-1769937914
1692130915
-1590173321
558499634
676168185
918549233
-594935498
-626220468
640651434
213744471
1919200779
-458661569
-675873530
-793050051
1738327300
1917588837
-2060696154
781274619
1990685541
1747223895
-960025384
741800958
2058297254
-761422264
-1989728871
808029454
-1159867062
-700636513
-1064294800
-956072966
-1311302344
1375306572
-1679268593
1532339008
-1890961601
1685349290
395525573
1301761799
651142662
967736082
182045280
583203533
-2088434175
-456401194
-1001816243
1263051655
-2029551231
-1684939712
704455749
1208347530
942057622
-99541103
-1091185777
-1015961948
-1186112121
2138792252
-188840953
-1496535534
661357335
-45692320
-665262639
-1340727318
554688911
1957714227
1758168268
-1762098695
-144725111
2007412933
-155427759
-422780894
1823985553
1681949485
2114415098
1203217219
724375423
-842657681
-980623448
2132881524
1356979264
-203813101
2045222585
-1159249446
-35382351
-1920220205
-880615979
1019563215
-127784528
-615735938
1307446725
23850335
-2095910426
889483429
1507678632
1562886050
499673035
542960841
-65854776
470005659
-1098890405
1699528508
-1993850920
577457411
-237008894
-1473704813
-2053394051
-1780049290
-1687013064
-1649850991
1975023395
396959684
325269644
2084831570
717336227
-1894343853
475233142
2125839399
-1189079540
700312093
-1603588172
1743973075
79239295
1094626051
-1969245577
971639033
-447971135
1433655329
-1591646090
-2139504497
-519625776
-781045842
1073960436
-1224060835
690733119
458264078
-186496880
1519209607
1229177249
726351288
-2137814239
-1443173897
-1662856191
-795875585
1300506410
1275838846
-1491536517
669728373
1985739387
-982992778
-504948004
1103141954
895604627
1831582388
1232990145
-1470296670
1177981490
-805208545
-419683237
909294765
-1408439633
-1411881044
273029882
-412615777
-1853858709
-872472545
1508387990
1198344864
-2019736879
-1183407931
-1880366208
1731967745
1527477714
-879006108
-121020741
1028893970
436428642
1736414739
458765311
-1419028271
-1612810821
-1846351409
2107108215
-1521155227
-263296374
-558755998
-1363064009
713183436
-392091169
-1351656861
-736686295
-1270551354
-910005706
-216689724
155783790
-289544467
565198219
-1428919663
1836868795
-1045804041
-105668474
-45676129
-1654857497
1933102469
1980486480
-1655355191
-2009880983
-387884404
1586694914
-1606390335
896849683
-88814781
1495762474
-712991360
952461178
-1403708837
1055072610
1339840011
2108659275
1765002278
287411612
-807716198
1481407497
1016885297
-1351755049
1441170267
423975159
1846438290
23876496
2091224053
-749365988
2064556197
9632415
-652694408
-180605641
-138342693
-175600815
-165428925
267210162
861018622
-1705206547
1583072170
1611692169
323053073
1203286751
596074197
926599821
2066147860
1574592854
-1750893922
299102033
-728609615
1430708690
-673299326
-1869957347
682091781
115356047
1571276890
1855468663
1840563450
1289343920
-2132772211
1489109353
-510218837
1558159756
852377548
-716186354
1470344345
1015839183
-1900503862
-1690048315
-50393093
-1788518059
-1190928988
1751199667
295157331
-619937833
-1240023334
-1405415111
1636945983
1272569449
-1963033727
1278436611
-2117868688
2025898002
2050660458
-872189427
-1505294692
2132728259
-1071682819
1450984349
2100117582
-1306295379
2085665156
1773071550
-1459546533
-1936774136
445375380
1104453158
1149629073
2138371562
-1281095505
1316154865
-185606954
88187045
1281307030
9069087
-245343255
-2002299187
-1742704166
26749528
-917846396
-2119798211
-559832254
-1734992538
-432916541
-867812436
-855379415
-443369437
548768119
1257298219
-1312632084
-1155985092
193447021
426732846
-518895716
834442218
408759754
1255246037
-1005906683
-1651611677
229120690
-1319659659
1142805883
-1824752570
1937372346
-1282779848
-177748982
-350812046
1625897113
-888329462
-1626064276
1704458988
1126825595
477978997
-102856641
57080746
-1336253513
1732225395
1509007301
1288516750
501579833
-1680324917
-1753972097
1484945474
1487231227
-1315621141
-688556702
-1387303804
1491123042
517536808
40127116
-813531306
190721023
1060854067
-1149096145
-814672297
-1833351012
785341490
-196955064
-1707196268
-629935334
-2013371806
214334592
-993301705
261677574
298755337
444946950
1678306934
35630446
-140042038
1696218490
-2118877197
1268689229
974822158
-58062125
652695432
-1248541401
2108477815
-1898052176
1098841031
-953978143
427274250
-313526483
1487511667
-1870221016
-1391899963
-1514093346
114009709
1920859364
-1956221887
-807797338
1398032219
-469481075
-2068876020
1760350305
-81880921
-2071163773
2118698306
1007588350
377850974
-438471045
1362081480
1468917885
-204889644
1033101543
975362231
-55845089
78461278
-1026137440
-1729757578
1565723659
-2123775709
390722880
-1397085157
-386571461
-634329552
1257549014
-188742473
1893380800
-1657047228
135432703
804539657
-118951487
-1623694389
-564691005
1954789219
-1546942674
-1252329621
1990682910
-1346105665
933557989
-1329208068
1504846054
1543432367
-1966931786
-1624086335
-878352866
-353912831
-992291814
441418036
-1475286424
1537582779
1045699417
-23687716
815670891
823185932
-381155785
1174456701
-553631797
-1778543845
-1396737126
-1025411558
-392517165
-1063593692
-1400322320
-431976888
-775725546
323491318
-1441793830
187288047
-482678013
-894125552
-1336335117
-1383184006
117999183
-781048664
836718674
341082801
-718350879
138379241
1822842063
671628600
216035844
1869976387
9940841
-463113117
1647341890
-157420406
1669059981
-2034937030
-651944684
2076911400
346241511
2141802824
1598174101
1445634334
1424539101
220520660
-59294439
-2018370003
-1765515634
1952971117
-570374025
-591791
-543162992
-985347534
1680655342
-535203246
-750290366
144976613
1790285671
-1951456685
1662933138
-1087964488
1929042723
216825818
1470270187
1922165247
1014103227
1822871134
182543376
421351560
-1740674319
-103579228
-622278461
2057404246
-1701734095
-946192275
-2059101436
-301847283
159650710
2108276218
323602759
548417167
-2539076
-193371252
-1205128771
208192353
25865215
-1385770385
-1917469229
-2137281763
-671838418
-1895189860
-636813932
-1982658678
-1096202144
-1358194462
1338367536
822539830
1773478051
-323380322
-645337024
-1039115288
1523343743
1463774207
2007397796
-332810084
-245992380
1184427313
-2141288357
561887135
-457386572
-1308077011
-430410188
-1868173464
-2077890361
-1128951623
41205269
773243453
-35972092
-1373751138
374940519
-560666070
1492282693
2134638669
-1618788573
1414048136
704532760
1322964921
-754370288
-402543172
-624875967
1400332367
935627291
-1772404731
671693389
366886914
-437132789
407614460
769513121
-247971088
-407412448
1367778790
1761537176
1716686855
-411073104
235347953
1987881402
-1464852360
1874078803
-1181049753
-1374818224
-1351463892
-1350061472
-230989730
-1507101686
-1260764869
-2042193278
1896445429
505279392
333102875
-2099596327
-649752583
1568702630
-1700649531
-250612145
-1919190077
-2060000157
-978894587
-343794737
-2108150856
-254366309
1889968730
-2090555507
-1300820928
850796107
-964683820
2100052383
2127114384
984845771
866636091
-1419972085
1682938662
-1766771135
-2109936598
1901180855
-301133178
-1246295996
446926051
-1822626568
1306181871
1598789077
-785671279
104922329
-1002877179
1051107843
2078032030
341880199
-1950258263
146779896
-516503330
1589477524
1998975515
-2003542646
224416195
1665397050
-1466224450
-1683263326
1241416494
1264908414
-766121847
1587135651
-1311634957
929573086
2086456387
1030706129
777650902
-1766133338
-36790750
1952458678
-2099451686
687148793
1455619015
-1180429906
-1561084737
1886091396
956084551
-1277401413
-1483263084
-368243631
-1841121534
974274155
-1568449313
-72044832
-407837285
90669950
-437144725
-805396759
1313728764
590197485
-1630717442
467961706
622052586
2133418526
1422706025
651519202
-1141617549
1410734081
395155575
-2040871314
-30182120
-1436984278
995992312
-297829712
-1366144231
-701195827
-1509543226
-733618878
355501487
-645820920
152231706
1602808567
-147764238
2017089625
1301763129
1045643436
1194521282
-1460553903
-1295935574
1474226229
-1567132824
1577286392
-674766332
2028402931
805728701
-207791932
210751959
863930616
-662183312
1575722470
-1506598100
-584955451
-1935392459
519327166
552371893
93279343
-1416088621
1161854710
135005826
1970887291
1747400010
-138358433
1539683403
-1134117586
-1771398895
162124741
-1547467013
542470442
1965994079
1323195403
1631763155
-1728386662
362670784
570560500
-1056457575
294785444
3989469
1443755245
-1105046336
-1290997634
1975472705
-832350422
-1719022972
286127967
-605460427
445383638
1898613611
-1560709112
-736012708
1358206304
531889926
-2095905044
-789037719
-1430250742
1178390216
1257041997
-1309193751
1078355442
4268214
875864290
404738692
-441885159
-1445408458
225717899
2009116195
-1061975384
-995950878
-1429409785
-128739030
-1371947266
-406873485
-453186668
204020689
-948748293
-1996846817
-1814913020
1273036195
-799383434
-125650150
-983788197
2014984780
15559803
-730148277
407673533
-141075529
1673178155
-698862749
311073141
1874874034
796536677
-269661004
999002592
68178983
-2049008090
-279655690
487343982
-1399210039
1470957790
-965529460
2040744657
917983466
-1671968021
-1455166588
1526672310
-384615582
-299943361
607693823
1493047717
1125369766
-853252582
-21003407
-361524809
-40574915
-422262215
1173444293
-1845031051
162693733
1623139767
1383775884
-1605632242
781869061
2068650147
-1217562447
1421270966
-567507127
-138527755
10947399
844713810
1056293823
-2114931028
67453854
-1212759357
2101414896
-1254409568
-10683682
-1562980814
1305572273
-1056269276
229476213
-581841456
1124963095
-805311257
-898514702
-348694381
1442050039
-1961609780
-164740418
77336317
-1216153613
-701337771
1262250086
1402395104
-1978363325
1184369899
18270269
-228819249
-1992750790
-57396946
500990973
1393006900
-544348509
-1054721644
283039535
-1827397433
-424067082
-173750878
615098953
2129272445
-344192467
-1229754556
-2071390669
-1639663086
-775601474
201715637
1369142321
-1422904463
1771676492
-1282129847
-1618343309
-745726766
-396280398
1988714516
1166641307
-1739774832
1337701319
65156276
448474644
1725082047
12276586
982744238
-1896039240
1457958372
-1146398320
73063562
-2000154172
333075962
-2070404995
-352241742
-1067633814
-2120622107
-2126993535
978044880
1228664080
856706691
-1572841783
-1546089541
37706465
-478186544
-2106538977
-389949230
-816862346
1148533717
-1821775941
-374666815
1590234594
-647498504
-894494460
457459691
1748381409
-1681583692
-713437565
-268416181
1582652527
1000446773
1177327484
-469638945
-931682190
1202781987
684636084
1174447822
532623529
-730863093
1129235046
2113955745
152582764
-2115215377
90854929
1092892411
1363337456
-671054359
-1691881662
1091934584
1381296842
-1932376184
687072296
-1225924424
2057964065
631961261
187809491
-1905740631
1239917009
-803052637
-1368544502
-289497169
730543068
-577900166
964298977
432719963
-1046582252
-2086093534
-1650760707
1808017707
396407455
1632804353
-398515785
71593330
-1159171606
1719636740
1813473698
1655468298
-560088072
-780771567
-803265945
-550657011
195319335
1866135939
1712608240
1209283377
1523609194
1205455888
-2101773008
769441940
-338908254
-1534884593
1187775245
-484452269
1335350541
-1925544801
432925211
114593237
-1146735139
-1499256649
325454831
-1596175806
615646990
1572682678
737099225
-1543362308
1712416036
-462511281
1314933933
1164686244
-989698116
-76894
1251419692
32807614
1780782157
510211209
834620422
920935167
1692497285
239486592
254968297
1804948328
1260773919
-495663900
369576026
2029399756
-1356877448
14354513
1605295948
1323409640
-80563222
1397758985
-1215407643
-1034304275
-2091347014
-291088937
241761319
-1182072657
1348699317
474571774
-1373360378
-707918945
-1805446606
2122176478
337263282
429567528
1839940300
-995620503
911725688
-1390323274
944044167
371416361
-1753290605
-2032360811
1415737239
327230812
-13975769
1746381215
-19224694
-587521893
-983702339
2034195392
852687300
-1669278747
1916078822
552247714
-207016850
451173719
1589399397
-923009454
-1436173837
-349529312
998896994
-1819160539
-1413904411
1105534621
2096619072
-2114557921
1647962625
1147711669
1532576538
-1274540926
-1424332119
-449234615
-1824420820
63396267
1079595090
-1257377911
-1789513201
-111827242
-1188999921
176389758
2077211999
264870243
-1841124946
2036455661
1326212661
1199141597
434313552
-1387035784
1230935588
-859927618
-831709496
1368764130
-1980569073
-290687824
-1781297738
1427335605
-1063470787
-460630087
-2085100689
-264766435
1603905696
910566948
1735351883
-854728587
-1163047645
-2086760477
964782113
-1951826302
1353494049
-1815856862
-644656127
1156869223
-937526412
798435892
131940130
-197070258
845879777
-1806711901
723747233
449475257
730407591
-1489402031
-1118455115
-2123546457
-530683877
1722241488
77636144
-1205842976
-1532872517
2039408453
1100062132
165219116
1233635272
862409393
-730027724
1845231291
-1667134270
828597346
-1284747777
-1867828574
-279918092
1079558160
-801244489
-397331802
-1678266993
-1179090767
-129961079
-1937777874
-1002843288
-1535134074
-1287929109
-563604277
1359885173
-1201296032
-2145404842
726020472
-1447540016
-1046524864
1776701671
-1445350999
706604037
-1342681331
-446106267
1026672486
-61686880
1518949257
-1069838872
-567744468
1749093712
-496910456
-960068860
-1755083364
101396982
1229169676
1746638031
730548877
-170691279
609045322
-2038416835
1978577410
-1684792175
1514665253
-1122721093
2092325073
-250920826
544960586
-1122331308
1799878464
-344734874
1127014342
-546785632
-410168148
1649308088
519758857
-2063398253
-426899232
1061952372
2124939609
1095703038
532800783
1381575324
1839083024
-1069798313
-1455013323
-1692788004
-483939821
281072104
85584398
-26692682
-962880330
1769573562
-1824831603
513647479
-1422310485
1059426937
1125215294
-363046318
-1619053791
-873324783
-145799345
769424886
324317943
1115975754
395798128
-876970348
1878210746
-1989240340
275399748
-1550101007
143564403
-1834655803
628272240
886669520
1805348214
516418393
647357675
530492628
-1173969330
-874725750
476763801
-987353166
-1650951278
158305371
-548320520
